126
921
819
450
576
865
379
43
672
63
177
411
86
108
858
11
446
811
503
268
514
414
138
679
615
129
720
911
613
245
476
990
884
443
478
529
483
157
324
701
963
504
547
635
772
84
806
782
705
130
107
223
621
265
329
682
316
592
155
57
873
993
90
323
235
887
341
255
73
52
346
891
256
934
187
337
575
33
630
779
413
186
896
539
375
598
54
432
588
301
969
658
220
536
971
216
742
112
286
71
857
949
243
966
330
382
590
530
495
14
241
817
165
764
376
725
964
939
718
136
28
401
523
121
773
786
315
194
367
904
269
479
981
524
492
361
552
629
932
863
0
622
421
818
289
898
862
749
761
861
853
656
662
490
291
297
744
755
45
609
796
417
29
230
181
706
954
116
733
79
100
614
960
378
258
616
259
754
49
587
134
700
778
543
601
125
387
843
695
596
696
520
889
586
488
600
310
322
634
506
970
368
1000
917
147
480
839
859
81
541
93
442
240
913
464
684
13
193
886
599
226
915
537
928
770
162
606
568
369
352
809
825
26
426
620
340
139
274
922
544
313
471
308
989
496
877
272
936
363
166
875
167
660
937
374
91
715
977
608
24
372
380
489
419
849
738
321
880
317
722
444
627
500
89
231
623
914
196
359
210
669
358
883
453
726
135
992
385
59
639
67
499
80
287
362
160
395
261
751
505
787
406
798
128
452
941
783
740
946
44
910
118
646
866
837
320
693
114
158
16
838
252
871
683
734
183
659
344
2
902
12
206
999
826
47
893
137
5
604
142
312
797
691
407
99
40
309
665
389
409
17
762
200
870
649
295
56
438
173
823
549
211
980
710
829
565
723
945
427
22
96
831
64
828
781
238
257
650
856
239
172
918
283
752
878
299
1
907
771
475
472
469
901
188
727
578
182
560
306
20
950
607
25
106
919
145
538
780
707
545
332
882
756
35
579
318
484
498
784
975
972
319
141
526
909
533
179
485
19
224
867
203
860
935
384
280
333
892
802
109
234
445
724
814
515
36
501
511
655
582
872
869
260
311
581
212
842
97
207
423
418
72
347
991
562
143
703
131
149
638
611
331
275
38
94
879
924
789
557
830
951
769
559
434
525
692
765
610
719
583
890
122
412
356
542
457
605
653
815
697
550
236
339
75
393
184
232
156
441
342
805
967
841
897
667
593
633
176
448
127
984
888
942
102
466
763
952
468
447
687
195
816
486
253
482
956
674
713
874
737
735
431
546
680
6
777
732
792
494
397
625
958
944
383
391
739
408
758
994
364
868
221
225
433
998
651
21
996
41
943
512
69
513
171
766
983
37
460
573
577
535
585
800
885
794
517
900
229
294
822
721
76
168
459
222
473
647
163
712
572
925
386
957
509
912
678
48
470
213
790
730
85
521
527
555
827
666
278
894
178
288
834
812
497
540
624
933
603
424
681
161
228
50
124
146
190
355
237
307
714
522
264
648
881
743
251
435
51
602
377
201
689
561
979
716
410
688
53
493
209
465
554
847
948
326
916
110
402
246
895
415
491
105
270
807
18
654
567
556
303
277
32
947
292
463
399
175
334
636
502
553
233
267
150
440
986
191
185
618
10
174
959
753
518
325
115
271
750
104
938
845
425
248
810
474
974
508
748
926
676
285
205
785
612
563
558
995
569
328
9
534
675
180
668
836
673
263
388
46
103
626
645
905
113
643
373
788
242
702
906
279
365
420
835
302
589
111
808
437
685
123
30
78
394
987
276
357
528
813
132
632
690
519
940
804
189
844
640
293
908
215
694
61
920
795
148
757
430
571
532
360
686
197
247
371
741
304
8
664
403
350
619
711
15
74
570
400
133
266
250
821
824
405
192
760
227
791
973
851
3
353
65
708
436
456
929
170
83
70
962
595
159
422
709
584
481
120
381
327
985
848
997
314
864
670
507
92
677
631
214
370
151
262
961
154
477
487
850
290
968
461
955
923
348
759
390
775
60
351
855
199
931
34
152
219
976
119
580
652
776
899
153
717
31
66
746
449
731
699
745
698
774
244
644
455
254
4
594
551
840
704
661
208
801
820
198
296
930
354
55
429
728
27
439
965
7
39
77
953
82
396
799
305
832
591
62
628
164
467
516
978
982
854
282
338
88
117
68
637
343
218
144
204
852
101
98
273
249
803
281
642
833
428
510
462
767
657
451
846
95
335
345
58
768
548
903
202
366
566
416
747
454
336
531
284
729
574
876
736
169
564
398
617
988
404
927
458
392
298
300
349
23
217
87
793
140
597
641
671
663
42
